          1        0.0        0.0          0.0
          2        3.5        0.0         -6.0
          3        8.0        0.0         -12.0
          4        12.5       0.0        -6.0
          5        16.0       0.0          0.0
          6        0.0        3.0          0.0
          7        3.5        3.0         -6.0
          8        8.0        3.0         -12.0
          9        12.5       3.0        -6.0
         10        16.0       3.0          0.0
         11        0.0        6.0          0.0
         12        3.5        6.0         -6.0
         13        8.0        6.0         -12.0
         14        12.5       6.0        -6.0
         15        16.0       6.0          0.0
         16        0.0        9.0          0.0
         17        3.5        9.0         -6.0
         18        8.0        9.0         -12.0
         19        12.5       9.0        -6.0
         20        16.0       9.0          0.0
         21        0.0        12.0          0.0
         22        3.5        12.0         -6.0
         23        8.0        12.0         -12.0
         24        12.5       12.0        -6.0
         25        16.0       12.0          0.0
         26        0.0        15.0          0.0
         27        3.5        15.0         -6.0
         28        8.0        15.0         -12.0
         29        12.5       15.0        -6.0
         30        16.0       15.0          0.0
         31        0.0        18.0          0.0
         32        3.5        18.0         -6.0
         33        8.0        18.0         -12.0
         34        12.5       18.0        -6.0
         35        16.0       18.0          0.0
         36        0.0        21.0          0.0
         37        3.5        21.0         -6.0
         38        8.0        21.0         -12.0
         39        12.5       21.0        -6.0
         40        16.0       21.0          0.0
